100000
49999
24999
12499
6249
3124
1561
780
100000
49999
24999
12499
6249
3124
1561
780
0.99120104924 0.000679351122993 -4.14856671956 0.00101977506348
100000
49999
24999
12499
6249
3124
1561
780
100000
49999
24999
12499
6249
3124
1561
780
1.09326845292 0.000752408973133 -4.08256310338 0.00112902091726
100000
49999
24999
12499
6249
3124
1561
780
100000
49999
24999
12499
6249
3124
1561
780
1.22636311909 0.000836241405912 -3.99802629363 0.00125458408624
100000
49999
24999
12499
6249
3124
1561
780
100000
49999
24999
12499
6249
3124
1561
780
1.26597313931 0.000576689652232 -3.97293886115 0.00086456262664
100000
49999
24999
12499
6249
3124
1561
780
100000
49999
24999
12499
6249
3124
1561
780
1.41203774849 0.000855240498568 -3.88633984291 0.00128372412295
100000
49999
24999
12499
6249
3124
1561
780
100000
49999
24999
12499
6249
3124
1561
780
1.4746536062 0.000958353898042 -3.84944885355 0.00143910902599
100000
49999
24999
12499
6249
3124
1561
780
100000
49999
24999
12499
6249
3124
1561
780
1.55646601633 0.001121039888 -3.79910996227 0.00167938738565
100000
49999
24999
12499
6249
3124
1561
780
100000
49999
24999
12499
6249
3124
1561
780
1.68518508759 0.00116663266781 -3.72644089351 0.00174940624008
100000
49999
24999
12499
6249
3124
1561
780
100000
49999
24999
12499
6249
3124
1561
780
1.8003179889 0.00104904149191 -3.66475162376 0.00157330382301
100000
49999
24999
12499
6249
3124
1561
780
100000
49999
24999
12499
6249
3124
1561
780
1.8533753895 0.0011925147637 -3.63320574247 0.00178644663888
100000
49999
24999
12499
6249
3124
1561
780
100000
49999
24999
12499
6249
3124
1561
780
2.02988770423 0.00144219955886 -3.53816991758 0.00216423167405
100000
49999
24999
12499
6249
3124
1561
780
100000
49999
24999
12499
6249
3124
1561
780
2.13358589884 0.00124269970916 -3.4836551351 0.00186652806626
100000
49999
24999
12499
6249
3124
1561
780
100000
49999
24999
12499
6249
3124
1561
780
2.30621872217 0.00157431188241 -3.39261773585 0.00235943546346
100000
49999
24999
12499
6249
3124
1561
780
100000
49999
24999
12499
6249
3124
1561
780
2.28626327451 0.00140134119975 -3.40566864833 0.00210418719523
100000
49999
24999
12499
6249
3124
1561
780
100000
49999
24999
12499
6249
3124
1561
780
2.40237315177 0.00139521997736 -3.34441412726 0.0020958372698
100000
49999
24999
12499
6249
3124
1561
780
100000
49999
24999
12499
6249
3124
1561
780
2.46807040651 0.00156241473194 -3.31067044155 0.00234515382127
