0.99177361053 0.000125766815603 -2.66174747315 1.4869788887e-06
1.09993061169 0.000137069435776 -2.42987487534 1.05750349617e-06
0.99177361053 0.000125766815603 -2.66174747315 1.4869788887e-06
1.09993061169 0.000137069435776 -2.42987487534 1.05750349617e-06
1.09293612465 0.000136593284711 -2.44220156309 1.73002662963e-06
1.13347221319 0.000141678133067 -2.35812482954 1.20558094059e-06
1.2261993934 0.000150102481768 -2.15864890934 2.14227870694e-06
1.21537691498 0.000152807301522 -2.18115844019 8.29386720829e-07
1.266012877 0.000157073465707 -2.0739631025 1.01235174873e-06
1.38989416079 0.000167764712604 -1.8130443984 1.48313297904e-06
1.41099124143 0.000171291648937 -1.76863532699 1.18426064815e-06
1.43343748436 0.000170777065752 -1.72273211019 1.71817757787e-06
1.47468996662 0.000177051754318 -1.63753781893 9.75450994105e-07
1.60148361831 0.00018969230944 -1.37099273598 3.14497254849e-06
1.55719989243 0.00018814583208 -1.46419321973 3.04350031196e-06
1.68311970004 0.000201277763405 -1.20391028317 1.13116597505e-06
1.68561179954 0.000203393949047 -1.19861212469 1.9906566823e-06
1.74606866274 0.000208587832184 -1.0735378518 1.58719193525e-06
1.79960494686 0.000215926364961 -0.96484237171 2.10549325578e-06
1.90057626618 0.000223114952269 -0.75747954793 1.64824967037e-06
1.85362702689 0.000218617382789 -0.85330725012 2.09355576541e-06
1.95981497954 0.000228795441546 -0.63580993074 1.96325612816e-06
2.03075526257 0.000236917082677 -0.49269544652 1.79488197416e-06
2.06366479947 0.000239339896409 -0.42513942131 1.79931498173e-06
2.13302056245 0.000247998167369 -0.2830322606 2.79153159102e-06
2.18567109872 0.000254183513698 -0.17623125359 2.09816880369e-06
2.30549048422 0.000270901936068 0.06627574627 2.16647818941e-06
2.26092403143 0.00025822314718 -0.02403312481 2.04528429863e-06
2.28694911939 0.00026202203846 0.02468306459 2.56377241673e-06
2.36256849169 0.00245709818107 0.17818043422 1.99756318417e-06
2.4022771095 0.000273653299507 0.2598127725 2.66507809842e-06
2.42679296891 0.000275643948497 0.31041754718 2.30426244367e-06
2.46781860191 0.000279626732296 0.39149594319 2.26143773346e-06

