1.0 0.657411690051 0.0282082660701
1.1 0.636877706327 0.0306853655557
1.2 0.661305467681 0.0339182270411
1.3 0.574965922449 0.0349665390927
1.4 0.607964929644 0.03842356494
1.5 0.561572644653 0.0400076387151
1.6 0.536501559191 0.0419617854399
1.7 0.548138735025 0.0449432262067
1.8 0.555661512538 0.0478250902445
1.9 0.511719458608 0.0489710105896
2.0 0.551446824895 0.0529942010764
2.1 0.552097585229 0.0556664988167
2.2 0.583747288264 0.0595130842175
2.3 0.508639896343 0.0591459099364
2.4 0.513562331877 0.06194654489
2.5 0.48786627307 0.063284764392
