% F    256  0.619840000000000E+01  0.619840000000000E+01  0.619840000000000E+01
   0.995119180185234E-01  0.133649415222547E-01  0.931830750992250E-01
   0.824385537094287E+00  0.748278179474951E+00 -0.387262024905370E-02
  -0.852491472732031E-01  0.675871045855545E+00  0.744216257703603E+00
   0.743248763214567E+00 -0.564096547323055E-01  0.701432082002732E+00
   0.162970490288438E+01 -0.226467979085193E-01 -0.109035421224304E-01
   0.235678643617917E+01  0.678021660086112E+00  0.301709672207834E-01
   0.157888176509677E+01  0.739397458188111E+00  0.845938480577066E+00
   0.230465738387276E+01 -0.586251341562486E-01  0.868507892843320E+00
   0.311887990686363E+01  0.345961465552527E-01 -0.862353786540759E-02
   0.384000302471468E+01  0.694876585300436E+00  0.510906609519454E-01
   0.312033865339605E+01  0.818609582681691E+00  0.854266920777306E+00
   0.390564582409622E+01 -0.698566325739791E-01  0.797262980999340E+00
   0.474453204762643E+01  0.998284538853606E-01 -0.486404027633679E-01
   0.543377308063104E+01  0.806609503578728E+00  0.108010270793631E-01
   0.474435201972189E+01  0.855184660892091E+00  0.806384936884042E+00
   0.546937170167991E+01 -0.195089469873450E-01  0.860525532630808E+00
  -0.704329619912217E-01  0.158450585981276E+01  0.539228618551792E-01
   0.742664510429157E+00  0.224756377098980E+01  0.228738368723029E-01
   0.641234278931664E-01  0.241381893118481E+01  0.821025730370711E+00
   0.774320781292608E+00  0.152456034815744E+01  0.759101171200907E+00
   0.156018060765116E+01  0.164918385583562E+01  0.980789496083027E-01
   0.237366193106146E+01  0.241515181234960E+01 -0.813450619333125E-01
   0.159640473742317E+01  0.237475232318513E+01  0.864169701135200E+00
   0.236563527265023E+01  0.161236193329650E+01  0.786518903919311E+00
   0.301154111537502E+01  0.154567615603707E+01  0.195379544392658E-01
   0.380150638376727E+01  0.234187904008134E+01  0.399365258327995E-02
   0.317637566896259E+01  0.228516203439810E+01  0.808731460794452E+00
   0.390698801830595E+01  0.155033537987959E+01  0.727115024082385E+00
   0.456411190030216E+01  0.146984993255889E+01  0.985314794437038E-02
   0.539871698949816E+01  0.222742990051580E+01  0.585830892148878E-01
   0.467297550898031E+01  0.237912071548571E+01  0.865516152197249E+00
   0.534644887442678E+01  0.151329252857511E+01  0.794163969244712E+00
  -0.903694194788837E-01  0.302204115560547E+01 -0.568070161647756E-01
   0.694914678498566E+00  0.378866836049999E+01 -0.506276520544625E-01
  -0.113231466407434E-01  0.381567351465089E+01  0.788199668546965E+00
   0.679662479939303E+00  0.308325811541424E+01  0.754370604823397E+00
   0.164491708509842E+01  0.313772100659857E+01 -0.990113265026445E-01
   0.225038420648904E+01  0.378335545192706E+01  0.679555482569542E-01
   0.158529776444227E+01  0.389039016335497E+01  0.821505183891354E+00
   0.224760854893390E+01  0.316725993092551E+01  0.841799194708554E+00
   0.314850727925772E+01  0.316784017861366E+01  0.576780028701316E-02
   0.390709693329627E+01  0.392014731384785E+01 -0.178791472701539E-01
   0.307034431923293E+01  0.392107540846560E+01  0.769063532965020E+00
   0.386652508686973E+01  0.315113834143916E+01  0.815291883853082E+00
   0.460039316169694E+01  0.318674100651089E+01 -0.877928319901149E-02
   0.548529785940136E+01  0.395576961059777E+01  0.389753326647028E-01
   0.459269770125846E+01  0.394499091118456E+01  0.823679337936702E+00
   0.538382261225410E+01  0.313359370905968E+01  0.798542807275677E+00
   0.935147222805602E-01  0.474684786055481E+01 -0.323986966110041E-01
   0.858953449517643E+00  0.539141466799143E+01  0.861887060132584E-01
   0.930571019593025E-02  0.541670251786436E+01  0.710182819174379E+00
   0.750398819500114E+00  0.458384412456455E+01  0.746171653500245E+00
   0.158273528501814E+01  0.467250985361460E+01 -0.621055124409338E-02
   0.228765037220443E+01  0.537737598173806E+01 -0.600157512350385E-01
   0.153268559526426E+01  0.551946058266695E+01  0.783442317775371E+00
   0.225030365505490E+01  0.470974833275793E+01  0.843964204899353E+00
   0.314100656749731E+01  0.465459465209832E+01  0.327681735364080E-01
   0.395414785155371E+01  0.551183285348557E+01 -0.771159473733816E-01
   0.317253351799944E+01  0.545007361474302E+01  0.723357544911330E+00
   0.380607915620247E+01  0.455304713082933E+01  0.712850798687397E+00
   0.461126802588896E+01  0.471072951326200E+01  0.147436979992441E-01
   0.548885213424014E+01  0.538089097472422E+01 -0.678970448185125E-01
   0.461498482284021E+01  0.537677067440378E+01  0.783756225602198E+00
   0.543430406326308E+01  0.455312296723069E+01  0.704549611806485E+00
  -0.790193247536409E-01  0.228427533007443E-01  0.153085819631340E+01
   0.855105657267084E+00  0.863367620003310E+00  0.148092397102976E+01
   0.873918759488991E-01  0.701894594302994E+00  0.229865643665617E+01
   0.739102245017965E+00  0.429928491094988E-01  0.237034155549920E+01
   0.152531855749964E+01  0.657868814549476E-01  0.164033287513411E+01
   0.228608385081635E+01  0.790748123910132E+00  0.149628977440785E+01
   0.161848069361458E+01  0.726426493452079E+00  0.239234872707527E+01
   0.233193125514415E+01  0.243140754280274E-01  0.232256494382424E+01
   0.305616847709317E+01 -0.528881635433465E-01  0.157987598517795E+01
   0.389543406807409E+01  0.754429170250111E+00  0.161935893834711E+01
   0.312672339679503E+01  0.726564667227164E+00  0.229616619770907E+01
   0.388636602242688E+01 -0.757062980979026E-01  0.242009387728311E+01
   0.462544127156939E+01  0.441397515967603E-01  0.152125280492045E+01
   0.550557631441976E+01  0.783537446365098E+00  0.164153507939793E+01
   0.473469457950832E+01  0.801464169669502E+00  0.228352179495460E+01
   0.535854791279146E+01  0.685157192447772E-01  0.234811793085949E+01
   0.411785774494555E-01  0.149808798714582E+01  0.160919220947021E+01
   0.753002802573295E+00  0.224639185782022E+01  0.160033758684658E+01
  -0.940405644875065E-01  0.236453215781469E+01  0.232944067343429E+01
   0.825311964711870E+00  0.157913557780252E+01  0.239861695260265E+01
   0.161574425974776E+01  0.164103608810076E+01  0.149405348720800E+01
   0.234029855903836E+01  0.242255210157798E+01  0.161759347071063E+01
   0.148456109258490E+01  0.236630835029336E+01  0.228471014707328E+01
   0.222940831074207E+01  0.163294793774540E+01  0.236216131424095E+01
   0.315055155991100E+01  0.163614560904534E+01  0.146060198315881E+01
   0.387378998909387E+01  0.223629979730550E+01  0.148397321902605E+01
   0.313687240072334E+01  0.228572410781862E+01  0.237143803824621E+01
   0.392443368329706E+01  0.152874420532862E+01  0.224195700532410E+01
   0.455859259562256E+01  0.160547237902495E+01  0.158575533330439E+01
   0.538591399248191E+01  0.232895293331901E+01  0.155075929384936E+01
   0.463650521186866E+01  0.234192785561926E+01  0.228386504522889E+01
   0.538257991455390E+01  0.146435688852066E+01  0.241938914764701E+01
   0.456325279660141E-01  0.315081807757975E+01  0.151143524372916E+01
   0.724099664813438E+00  0.382537745872040E+01  0.157321255227578E+01
   0.875576470467448E-01  0.397243648304200E+01  0.226936384200212E+01
   0.864256800907233E+00  0.316875707336873E+01  0.236442526467917E+01
   0.156048880166403E+01  0.308751678038369E+01  0.149943636344296E+01
   0.240393255109885E+01  0.380314596353113E+01  0.153651872396367E+01
   0.154107524498907E+01  0.383587610695046E+01  0.232058492217725E+01
   0.236234853504980E+01  0.316135977384704E+01  0.230283288325367E+01
   0.305782974838729E+01  0.311439561209422E+01  0.159466836171139E+01
   0.380255466753195E+01  0.384071110183895E+01  0.148167795897130E+01
   0.310611886194464E+01  0.391866506131437E+01  0.227003605830603E+01
   0.381380128871763E+01  0.319372392166090E+01  0.242311427537115E+01
   0.456519040343002E+01  0.304937613106008E+01  0.149276979595800E+01
   0.536275542371011E+01  0.394405303420331E+01  0.145853647021675E+01
   0.472158423284251E+01  0.378742674606928E+01  0.230986346925648E+01
   0.535106376751604E+01  0.302301749970603E+01  0.228558990912858E+01
   0.226474000782832E-01  0.468153265880625E+01  0.162878200126358E+01
   0.825535875550810E+00  0.544957410318964E+01  0.149379760071934E+01
  -0.323252992228469E-02  0.544660407493233E+01  0.242193175449997E+01
   0.786637523438216E+00  0.462297681200067E+01  0.229191894473044E+01
   0.159868501644466E+01  0.466274698021243E+01  0.154082734014863E+01
   0.235403793476573E+01  0.546031921846838E+01  0.148367810355846E+01
   0.150421322230098E+01  0.541175249772899E+01  0.231594440546586E+01
   0.230345133465875E+01  0.468646684212195E+01  0.228417774199410E+01
   0.304024548527766E+01  0.458725685406166E+01  0.153339999057922E+01
   0.391212905070600E+01  0.535171109079587E+01  0.147834825203720E+01
   0.313169271484354E+01  0.543873504035132E+01  0.237939010366834E+01
   0.392905931539333E+01  0.470187082108272E+01  0.239970214388997E+01
   0.456864275797191E+01  0.461570312971009E+01  0.157861873125269E+01
   0.534992362886935E+01  0.548510873324686E+01  0.155797446421474E+01
   0.460195051780198E+01  0.541537499831778E+01  0.232658500492022E+01
   0.542456685861287E+01  0.474115478614609E+01  0.233444703401463E+01
  -0.620742378719897E-01 -0.597762177430358E-01  0.304894752610163E+01
   0.868818281092677E+00  0.830078410002816E+00  0.305374008955513E+01
  -0.609851930358563E-03  0.754550318062362E+00  0.389665926769811E+01
   0.691853731820518E+00  0.474004269653956E-01  0.394657384691208E+01
   0.151780702442350E+01  0.388881637747006E-01  0.312757664811167E+01
   0.224149912253533E+01  0.816396842438953E+00  0.311769192766645E+01
   0.149615731531085E+01  0.689839567802184E+00  0.383886718801854E+01
   0.240701829900614E+01 -0.591426754764858E-01  0.386455354551700E+01
   0.314463467545270E+01 -0.943284053622701E-01  0.310260596756360E+01
   0.392753225721453E+01  0.853672923304805E+00  0.318809801385634E+01
   0.305716123639365E+01  0.781093160850699E+00  0.382056511805487E+01
   0.383655532425525E+01 -0.716957353514698E-01  0.384251617430851E+01
   0.457950561216784E+01  0.698432848591642E-01  0.319361016845427E+01
   0.541178480626182E+01  0.829688269076652E+00  0.309044286400623E+01
   0.472170009855052E+01  0.820395019587296E+00  0.390146717398824E+01
   0.546840776991261E+01  0.208424836503759E-01  0.377925883498461E+01
  -0.414468260638695E-01  0.148903834150201E+01  0.318893241610016E+01
   0.781169234671596E+00  0.222647184551680E+01  0.308962711753565E+01
   0.927165753003819E-01  0.242162359272146E+01  0.384218263674535E+01
   0.866658278662704E+00  0.151494162606943E+01  0.391484658013425E+01
   0.160768954029344E+01  0.159431273010822E+01  0.314499114086478E+01
   0.231347638275565E+01  0.230075584571428E+01  0.318364493767094E+01
   0.159928466604032E+01  0.230974601562829E+01  0.381748544248992E+01
   0.237028270387778E+01  0.160898300719797E+01  0.388568466317656E+01
   0.317628334020240E+01  0.152622514472551E+01  0.304735932667520E+01
   0.383701665052145E+01  0.231098093406474E+01  0.300879652210623E+01
   0.308401594425422E+01  0.237186543007042E+01  0.394855712685584E+01
   0.383559742982401E+01  0.161826353209647E+01  0.393721841691817E+01
   0.463016013936690E+01  0.162259763491367E+01  0.316965009896885E+01
   0.542601641780623E+01  0.237968282639412E+01  0.309777200905001E+01
   0.458977072462443E+01  0.231342617495197E+01  0.386071092066771E+01
   0.533454251279484E+01  0.158969921969976E+01  0.395784744841159E+01
  -0.221973202170739E-01  0.304897565835239E+01  0.307246940375251E+01
   0.874532737335578E+00  0.390641584062788E+01  0.303514690411862E+01
   0.744752202320468E-01  0.382279150487428E+01  0.379727838874873E+01
   0.838443905411949E+00  0.310632806453316E+01  0.397161074552602E+01
   0.153286114067206E+01  0.316083960176091E+01  0.304718767521565E+01
   0.241845163027625E+01  0.384926363761878E+01  0.312588009793967E+01
   0.147697991860488E+01  0.392769448984395E+01  0.379423979097721E+01
   0.233478924360971E+01  0.316553033456218E+01  0.384945173988289E+01
   0.317275354766200E+01  0.312413245483454E+01  0.310966273294252E+01
   0.381632206968295E+01  0.393854394153555E+01  0.307192038887395E+01
   0.304530444068236E+01  0.383982287296393E+01  0.391001853167886E+01
   0.385980900955211E+01  0.308966097032572E+01  0.395952169176522E+01
   0.463804623877756E+01  0.313264983085956E+01  0.315537074098711E+01
   0.548176542291738E+01  0.381354804091368E+01  0.305047588120605E+01
   0.468416089336399E+01  0.395370618027215E+01  0.384900280819026E+01
   0.532760732613386E+01  0.307960045259447E+01  0.397219250146227E+01
   0.949499023224212E-01  0.474285559169734E+01  0.319296743481752E+01
   0.749745392780912E+00  0.534305680642808E+01  0.314934469177419E+01
   0.649019996291971E-01  0.546848897506374E+01  0.384741046578972E+01
   0.799210414367254E+00  0.461006453222988E+01  0.383425538665789E+01
   0.158487642034967E+01  0.471481280867326E+01  0.311046475084583E+01
   0.233628898109504E+01  0.538916077036747E+01  0.314534082871361E+01
   0.148125059520951E+01  0.543017503752053E+01  0.393083888106343E+01
   0.226755636789117E+01  0.461386268272578E+01  0.387429005282614E+01
   0.304378357860086E+01  0.464209971718854E+01  0.303655975858386E+01
   0.381302183347129E+01  0.536498370312312E+01  0.318036117084438E+01
   0.315918377224608E+01  0.547058968005660E+01  0.385706961499924E+01
   0.393619758516845E+01  0.474647482928203E+01  0.387222405164166E+01
   0.459266332722449E+01  0.470117640445130E+01  0.318066174421030E+01
   0.544152767241721E+01  0.549772397884239E+01  0.300692142010011E+01
   0.473640673088503E+01  0.533298056612109E+01  0.395341641144568E+01
   0.532754915840302E+01  0.474864884671519E+01  0.397003935774865E+01
   0.223323572817210E-01  0.175135190183213E-01  0.474125075168005E+01
   0.853484007035235E+00  0.715243654595644E+00  0.455134663333931E+01
  -0.490019014829903E-01  0.852885615273138E+00  0.537751497844838E+01
   0.852603936862335E+00  0.382878428786582E-02  0.539704123663722E+01
   0.164636482999129E+01  0.753902895517892E-01  0.468508935049686E+01
   0.229689237990180E+01  0.714438172996581E+00  0.458624556815339E+01
   0.164713108888008E+01  0.711331671587717E+00  0.532596653953523E+01
   0.241314350555832E+01 -0.161358462825343E-02  0.551970583498957E+01
   0.312185684301712E+01 -0.274625840491695E-01  0.465527561507408E+01
   0.380315875962969E+01  0.701366014742768E+00  0.462503670222070E+01
   0.313926827008949E+01  0.784746162730425E+00  0.548871426511438E+01
   0.388146787599382E+01  0.324665495151933E-01  0.533423382784157E+01
   0.458309298366672E+01  0.237318591522795E-01  0.470054654253844E+01
   0.550561172511406E+01  0.817600017267633E+00  0.469680239948157E+01
   0.462014050044143E+01  0.839172243032759E+00  0.543401112662021E+01
   0.545376054339107E+01 -0.624867107096021E-01  0.548726184796831E+01
  -0.955206752615367E-01  0.158103580309444E+01  0.457272831312739E+01
   0.751870255510930E+00  0.227292900018134E+01  0.474186895151323E+01
  -0.294187318545867E-02  0.242286993207127E+01  0.537985623782451E+01
   0.870486002881770E+00  0.164017379972253E+01  0.537222160040401E+01
   0.153292417699448E+01  0.159675613653203E+01  0.458785663264399E+01
   0.235226815399914E+01  0.235033608005317E+01  0.456937388749327E+01
   0.147734905182124E+01  0.231538426215922E+01  0.552047343257953E+01
   0.230938305716316E+01  0.159056087199391E+01  0.539667997809244E+01
   0.303927530618016E+01  0.153151824969192E+01  0.459664466793243E+01
   0.391500089211292E+01  0.224021617284822E+01  0.458956354987323E+01
   0.300267033616382E+01  0.229126200601335E+01  0.538057145812692E+01
   0.394308276885937E+01  0.154848680739644E+01  0.546562166916009E+01
   0.459972954353267E+01  0.161414470673916E+01  0.460512293615482E+01
   0.544855991100532E+01  0.237356138085459E+01  0.472358691729158E+01
   0.457437874597343E+01  0.228023667064121E+01  0.550829524304559E+01
   0.552086025169944E+01  0.160745827693183E+01  0.539318533670242E+01
   0.528649488559951E-01  0.303781829108886E+01  0.456168223537414E+01
   0.683844123339949E+00  0.380330364641865E+01  0.471018067396850E+01
   0.312037625704775E-01  0.382293498248840E+01  0.538847299088995E+01
   0.871534668779402E+00  0.312195055242315E+01  0.538210451109270E+01
   0.154871239537347E+01  0.314642578132699E+01  0.455670652453898E+01
   0.222753170850132E+01  0.386970472710858E+01  0.470412330541800E+01
   0.163098518681480E+01  0.395703872537602E+01  0.539036585745272E+01
   0.228426270010981E+01  0.316494044389170E+01  0.541547256961094E+01
   0.300216885786863E+01  0.306701955320590E+01  0.456043949338420E+01
   0.379255470404156E+01  0.390434621725690E+01  0.462783732272499E+01
   0.312318600136593E+01  0.393904399768088E+01  0.539141528320956E+01
   0.383569359408367E+01  0.307138422566967E+01  0.540593714420610E+01
   0.464098953878885E+01  0.307568259689092E+01  0.467742339252473E+01
   0.537193038669244E+01  0.391713561536316E+01  0.472016036813130E+01
   0.458158816904889E+01  0.392026081171808E+01  0.542558367145185E+01
   0.537963283181224E+01  0.319781125136533E+01  0.547584936654329E+01
  -0.934562260291778E-01  0.469013211182202E+01  0.468321735690776E+01
   0.692808418134637E+00  0.541583836337854E+01  0.460156769335121E+01
  -0.289018191078780E-01  0.546822769454275E+01  0.532905853635415E+01
   0.791767952838328E+00  0.468764901196762E+01  0.534573854903181E+01
   0.155485144572964E+01  0.474753537823500E+01  0.469405072215866E+01
   0.237649747429142E+01  0.536432364260332E+01  0.472145054435998E+01
   0.148809914842266E+01  0.534123193732105E+01  0.537185626072621E+01
   0.240650464295488E+01  0.471477175846775E+01  0.533910915072646E+01
   0.317349529188355E+01  0.466023803358134E+01  0.462823740034819E+01
   0.397386195507071E+01  0.547760376657286E+01  0.470593230345621E+01
   0.314987907201831E+01  0.543564416128577E+01  0.546248468744795E+01
   0.394912181644138E+01  0.455166740149836E+01  0.538074826036490E+01
   0.458506502404238E+01  0.471034312421710E+01  0.465930793324142E+01
   0.542076782272249E+01  0.543094778851940E+01  0.455786858820233E+01
   0.457756772394609E+01  0.547962611621824E+01  0.547772489097426E+01
   0.535550573783563E+01  0.464259195594945E+01  0.535620321963387E+01
