0.991939580956 0.000851653077728 -4.14904133078 0.00127826801859
1.09313950316 0.000931208448363 -4.08248966015 0.00139719585576
1.22656799319 0.00113876396019 -3.99812742286 0.00170970317454
1.26581199507 0.000964546765982 -3.97339638237 0.00144789152509
1.41265599061 0.00103027653733 -3.88579720365 0.00154740417884
1.47407590039 0.00120390948059 -3.84930092945 0.00180751174682
1.55740751668 0.00137469639267 -3.79984244142 0.00206313620186
1.68534954431 0.0010378613826 -3.72689600295 0.00155807865232
1.8006002098 0.00131547298991 -3.6634701306 0.00197464419074
1.85401386635 0.00142909035693 -3.63361664815 0.00214487266295
2.02958964892 0.00182653839607 -3.53800205386 0.00274153194598
2.1333452917 0.00154500982367 -3.4830781903 0.00232012988992
2.30632494146 0.00198265156347 -3.39214410945 0.00297635592581
2.28491873544 0.00186735315004 -3.40462496965 0.00280300209662
2.40183347252 0.0017413513124 -3.34422429173 0.00261643541212
2.46786495003 0.00191622325722 -3.31058748974 0.00287680046041
