1.0 0.672951998611 0.0282082660701
1.1 0.648363026484 0.0306853655557
1.2 0.621231088923 0.0339182270411
1.3 0.61944263592 0.0349665390927
1.4 0.592834125565 0.03842356494
1.5 0.589327388272 0.0400076387151
1.6 0.577703954387 0.0419617854399
1.7 0.561291386047 0.0449432262067
1.8 0.555154046674 0.0478250902445
1.9 0.546787395826 0.0489710105896
2.0 0.529846527016 0.0529942010764
2.1 0.528934915691 0.0556664988167
2.2 0.513175374936 0.0595130842175
2.3 0.517701476958 0.0591459099364
2.4 0.512510767589 0.06194654489
2.5 0.504959383431 0.063284764392
