0.991939580956 0.000223305482099 -4.14904133078 0.000325474617251
1.09313950316 0.000202919994315 -4.08248966015 0.000306103308201
1.22656799319 0.000206764796298 -3.99812742286 0.000311431848559
1.26581199507 0.000215498483935 -3.97339638237 0.000308377940532
1.41265599061 0.00022587673677 -3.88579720365 0.000317656979373
1.47407590039 0.000232023035403 -3.84930092945 0.000347253678763
1.55740751668 0.000247238149262 -3.79984244142 0.000323228197657
1.68534954431 0.000233461459593 -3.72689600295 0.000344977522801
1.8006002098 0.000260220822693 -3.6634701306 0.00039285367909
1.85401386635 0.000265891541057 -3.63361664815 0.000397784582072
2.02958964892 0.000277865730492 -3.53800205386 0.000416232517459
2.1333452917 0.000298452880771 -3.4830781903 0.000442169436698
2.30632494146 0.000308778016226 -3.39214410945 0.000462499242527
2.28491873544 0.000310894341785 -3.40462496965 0.000420070722866
2.40183347252 0.000313926836654 -3.34422429173 0.000466168699013
2.46786495003 0.000317446691538 -3.31058748974 0.000474545106494
