1.0 0.644901610005 0.0281622135709
1.1 0.637275332483 0.0308328943846
1.2 0.646124331405 0.0338166010466
1.3 0.582923999745 0.0353066607487
1.4 0.593143874219 0.0382666198198
1.5 0.548844164833 0.0398832741271
1.6 0.530518592426 0.042021408203
1.7 0.559322900919 0.0455431086828
1.8 0.553439589098 0.0480138819544
1.9 0.500446472859 0.0488447806912
2.0 0.555119989798 0.0533949150205
2.1 0.536085485178 0.0553921171167
2.2 0.599539029474 0.0604566564696
2.3 0.502038335241 0.0592218968849
2.4 0.493008389087 0.0613724586319
2.5 0.481219517471 0.0633473519691
