0.99177361053 0.000681127139638 -4.14940788998 0.00102251456131
1.09293612465 0.000753874569699 -4.08160574977 0.00113135748698
1.2261993934 0.000838206636476 -3.99794799973 0.00125808379596
1.266012877 0.000757914111772 -3.97298241735 0.00113703732384
1.41099124143 0.000857309888395 -3.88512219088 0.00128749821719
1.47468996662 0.000960849622872 -3.84957276952 0.00144267289855
1.55719989243 0.00112110737851 -3.79999305979 0.00168057352778
1.68561179954 0.00117078857297 -3.72702982326 0.00175539643398
1.79960494686 0.00105158384143 -3.66424978934 0.0015782036597
1.85362702689 0.00119787743877 -3.633747791 0.0017951039128
2.03075526257 0.00144658286023 -3.53882834184 0.00217142015666
2.13302056245 0.00124821411404 -3.48256310357 0.0018755691848
2.30549048422 0.00157819990395 -3.3919599791 0.00236715867106
2.28694911939 0.0014074117602 -3.40574061382 0.00211344401785
2.4022771095 0.00140242184116 -3.34360289103 0.00210700121914
2.46781860191 0.00156848945668 -3.310231957 0.00235439344257
