0.99177361053 8.90567388361e-05 -4.14940788998 0.000133692709341
1.09993061169 9.66990273656e-05 -4.07977079467 0.000145187873758
1.09293612465 9.75021731107e-05 -4.08160574977 0.000146415617374
1.13347221319 9.95213206296e-05 -4.05833314894 0.000149416228184
1.2261993934 0.000106937482032 -3.99794799973 0.000160569462666
1.21537691498 0.000106658371419 -4.00422381375 0.000160099954329
1.266012877 0.000111649464541 -3.97298241735 0.000167627391651
1.38989416079 0.00011859284332 -3.89788564177 0.00017807119051
1.41099124143 0.000121009676986 -3.88512219088 0.000181719334586
1.43343748436 0.00012167038968 -3.87288833746 0.00018271423894
1.47468996662 0.000126121986787 -3.84957276952 0.000189386778319
1.60148361831 0.000134471161004 -3.77321816344 0.000201909982898
1.55719989243 0.000132883360409 -3.79999305979 0.000199529685873
1.68311970004 0.000143535340257 -3.72858983182 0.000215539639879
1.68561179954 0.000144019955162 -3.72702982326 0.000216273625953
1.74606866274 0.000147680067304 -3.69264084456 0.000221770202163
1.79960494686 0.000151833226282 -3.66424978934 0.000228055024479
1.90057626618 0.000157275820863 -3.60834394526 0.000236192030945
1.85362702689 0.000154460758796 -3.633747791 0.000231920173348
1.95981497954 0.000162151989247 -3.57553239772 0.000243531534088
2.03075526257 0.000168849546936 -3.53882834184 0.000253609421196
2.06366479947 0.000170646540793 -3.52063662379 0.000256291766002
2.13302056245 0.000175165254508 -3.48256310357 0.00026309535484
2.18567109872 0.000179485257905 -3.45473790042 0.000269608386287
2.30549048422 0.000191180734162 -3.3919599791 0.000287152100981
2.26092403143 0.000185497653273 -3.41541917109 0.000278632094823
2.28694911939 0.000187276081512 -3.40574061382 0.000281275165288
2.36256849169 0.000192131633818 -3.36567230291 0.000288619535955
2.4022771095 0.000194076754881 -3.34360289103 0.000291533016111
2.42679296891 0.00019725768634 -3.32977190513 0.000296324909283
2.46781860191 0.000200321915963 -3.310231957 0.00030089942811
